-0.094297 0.147094 0.984617 
0.995522 0.0205126 0.0922769 
-0.0066237 0.98891 -0.148369 
1.92939 -5.32288 10.0856 
-0.0846306 0.1286 0.988079 
0.996194 0.0316646 0.0812045 
-0.0208442 0.991191 -0.130791 
4.39237 -3.79971 9.96517 
0.159665 0.0990708 0.982187 
0.987097 -0.0282188 -0.157616 
0.012101 0.99468 -0.102298 
5.81467 -1.753 9.89941 
0.251854 0.15117 0.955886 
0.967764 -0.0405723 -0.248568 
0.00120653 0.987675 -0.156515 
4.06081 0.948308 10.0831 
0.304013 0.126693 0.944206 
0.952635 -0.0486332 -0.300201 
0.00788624 0.990749 -0.135478 
4.6279 2.74356 10.0596 
0.389426 0.17548 0.904187 
0.921057 -0.075329 -0.382073 
0.00106531 0.981597 -0.190962 
6.00227 5.40629 10.0413 
0.488214 0.189874 0.851819 
0.872651 -0.118888 -0.473653 
0.0113365 0.974584 -0.223736 
5.51274 8.21549 10.6593 
0.577791 0.194866 0.792581 
0.816168 -0.144125 -0.559551 
0.00519322 0.970183 -0.242318 
7.30153 10.9108 10.6351 
0.703076 0.174943 0.68926 
0.711115 -0.17264 -0.681551 
-0.000238976 0.969325 -0.245784 
9.72298 13.5912 10.6135 
0.768146 0.165188 0.618599 
0.640243 -0.188529 -0.744678 
-0.00638802 0.968075 -0.250579 
12.3837 16.3296 10.5823 
0.871004 0.10312 0.480331 
0.491055 -0.153444 -0.857508 
-0.0147228 0.982762 -0.184288 
16.5773 16.3349 9.95573 
0.980012 0.0499544 0.192567 
0.198202 -0.161823 -0.966711 
-0.0171298 0.985555 -0.168489 
20.3486 17.4331 9.80233 
0.999996 0.00261466 -0.000966816 
-0.000458314 -0.187896 -0.982189 
-0.00274975 0.982185 -0.187894 
23.4242 16.6553 9.74677 
0.971457 -0.0113189 -0.236947 
-0.236286 -0.134577 -0.962319 
-0.0209952 0.990839 -0.13341 
26.3756 15.6503 9.68045 
0.136602 0.173426 0.975327 
0.990363 -0.0465873 -0.130424 
0.022819 0.983744 -0.178118 
3.28711 -3.55127 9.99091
0.339767 0.139006 0.93018 
0.940485 -0.0573335 -0.334963 
0.00676862 0.98863 -0.150213 
3.57493 0.36541 10.0812 
0.54222 0.158912 0.825073 
0.84022 -0.0963861 -0.53361 
-0.00527161 0.982577 -0.185784 
4.56505 3.44555 10.0669 
0.551055 0.161716 0.818649 
0.834462 -0.110762 -0.53982 
0.00337797 0.980602 -0.195982 
6.28047 6.42769 10.06
0.58793 0.200809 0.78359 
0.808861 -0.135119 -0.572265 
-0.00903807 0.970267 -0.241868 
5.84798 9.09534 10.6438 
0.647366 0.19653 0.736406 
0.762171 -0.162416 -0.626671 
-0.00355506 0.966952 -0.254932 
7.21812 10.2292 10.6385 
0.865428 0.139305 0.481279 
0.500595 -0.20021 -0.842212 
-0.0209674 0.969799 -0.243002 
10.8128 14.0408 10.6069 
0.912668 0.13754 0.384863 
0.407626 -0.238075 -0.881568 
-0.0296248 0.961459 -0.273348 
12.0023 15.3895 10.5933 
0.967312 0.0639141 0.245402 
0.253368 -0.203256 -0.945776 
-0.010569 0.977037 -0.212806 
16.1022 14.4558 9.93964 
0.982071 0.0493574 0.181935 
0.18779 -0.171855 -0.967058 
-0.0164652 0.983885 -0.178042 
20.0284 14.9017 9.79387 
0.999498 0.0115913 0.0294918 
0.0310963 -0.179778 -0.983216 
-0.00609479 0.983639 -0.180048 
23.5062 15.7741 9.75267 