0.815322 0.0981515 0.570629 
0.578969 -0.149663 -0.801496 
0.00673386 0.983853 -0.17885 
15.366 12.7294 10.1022
0.14139 0.153155 0.978035 
0.989608 -0.0479961 -0.135547 
0.0261821 0.987036 -0.15835 
-7.85811 6.62198 9.76431 
0.395194 0.1784 0.901108 
0.918574 -0.0837475 -0.386274 
0.00655438 0.980388 -0.19697 
-5.77594 10.0058 9.81498 
0.610639 0.143641 0.778773 
0.791874 -0.120028 -0.598773 
0.00746616 0.982324 -0.187039 
-2.33797 10.8318 9.89662 
0.715119 0.102426 0.691458 
0.698985 -0.111708 -0.706357 
0.00489207 0.988448 -0.151478 
0.375071 14.1151 9.78859 
0.799261 0.0861403 0.594779 
0.600788 -0.139823 -0.787085 
0.0153642 0.986422 -0.163507 
1.32186 19.0189 9.89819 
0.843813 0.103838 0.526496 
0.536593 -0.175964 -0.825291 
0.0069482 0.978905 -0.204199 
5.58578 19.1044 9.93764 
0.97947 0.0322706 0.19899 
0.201183 -0.219111 -0.954733 
0.012791 0.975166 -0.221105 
9.39456 18.8141 9.98656 
0.997722 0.00542526 0.0672387 
0.0668784 -0.209847 -0.975444 
0.00881782 0.977719 -0.209732 
14.1466 18.908 10.0477 
0.999565 -0.0135516 -0.0261833 
-0.0283835 -0.202116 -0.97895 
0.00797425 0.979268 -0.202413 
17.7587 18.1554 10.1254
0.986744 -0.0333958 -0.158813 
-0.162221 -0.175275 -0.971063 
0.00459356 0.983953 -0.178369 
22.9091 17.7651 10.2189
0.942953 -0.0831111 -0.322384 
-0.332452 -0.183511 -0.925094 
0.0177246 0.979498 -0.200673 
29.8764 16.9994 10.2732
0.881034 -0.100012 -0.46236 
-0.473053 -0.187146 -0.860928 
-0.000425405 0.977228 -0.212193 
33.9934 16.1668 10.2954 
0.648895 -0.153956 -0.745139 
-0.760864 -0.137228 -0.634236 
-0.00460934 0.978502 -0.206186 
35.8717 13.6257 10.269 
0.479195 -0.228825 -0.847355 
-0.877684 -0.117753 -0.464548 
0.00652168 0.96632 -0.257262 
35.841 9.59778 10.2875 
0.269422 -0.21625 -0.938428 
-0.963015 -0.0566552 -0.263425 
0.00379908 0.974693 -0.223517 
34.3718 4.96044 10.3061 
0.150451 -0.216797 -0.964553 
-0.988602 -0.0385 -0.145548 
-0.00558083 0.975457 -0.220119 
33.1443 2.03949 10.3233 
0.00187477 -0.246656 -0.969101 
-0.999993 -0.00361638 -0.00101409 
-0.0032545 0.969096 -0.246661 
35.1122 -2.01911 10.3194 
-0.395807 -0.18057 -0.900406 
-0.918311 0.0847633 0.386679 
0.00649857 0.979903 -0.19937 
34.3068 -7.20257 10.3477 
-0.640069 -0.144444 -0.754617 
-0.768299 0.113624 0.629925 
-0.00524624 0.982968 -0.183704 
32.3065 -12.6549 10.3873 
-0.868758 -0.0954748 -0.485946 
-0.495196 0.180015 0.849927 
0.0063312 0.979019 -0.203669 
28.2969 -13.8717 10.3214 
-0.935975 -0.0932886 -0.339482 
-0.351925 0.220568 0.909669 
-0.00998283 0.9709 -0.239277 
23.8914 -13.4928 10.2694 
-0.962903 -0.0850306 -0.256102 
-0.268327 0.201054 0.942113 
-0.0286181 0.975883 -0.216412 
19.8816 -12.9912 10.0898 
-0.998576 0.00460007 0.0531572 
0.053208 0.159982 0.985685 
-0.00397 0.987109 -0.159999 
14.4748 -11.9548 9.28205 
-0.95771 0.0671134 0.2798 
0.287634 0.197432 0.93717 
0.00765528 0.978017 -0.208386 
10.6586 -11.1356 10.2042 
-0.812039 0.134122 0.567982 
0.583603 0.187393 0.790121 
-0.000462797 0.973085 -0.230444 
6.15307 -11.9598 10.1356 
-0.690178 0.162249 0.705216 
0.723503 0.173628 0.668129 
-0.0140418 0.971354 -0.237222 
0.633044 -10.9795 10.0104
-0.565822 0.165023 0.807845 
0.824398 0.130615 0.550734 
-0.0146332 0.977603 -0.209949 
-2.45539 -6.87188 9.94955 
-0.419752 0.146385 0.895756 
0.907567 0.0800735 0.412201 
-0.0113864 0.985982 -0.166465 
-4.02512 -1.70534 9.8233 
0.443672 0.15971 0.881843 
0.896139 -0.0894796 -0.434659 
0.00948774 0.9831 -0.182822 
-7.94699 7.39909 9.75762  